list,cores,minThreads,maxThreads,n,inserts,removals,lookups,scalingMode,withAffinity,preload,runtimes...
CoarseGrainList,16,1,16,100000,0.25,0.5,0.25,problem,false,0.75,11.5874,13.171,21.5643,28.7721,32.8376,31.0623,31.5651,32.2544,32.1733,31.846,31.3713,32.19,30.5075,31.2236,30.4404,32.2086
FineGrainList,16,1,16,100000,0.25,0.5,0.25,problem,false,0.75,51.5431,31.7473,24.1936,20.9698,17.1952,15.8677,14.0374,12.6227,16.751,16.8316,15.2718,14.2452,13.2499,12.2795,12.0509,11.0131
LockFreeList,16,1,16,100000,0.25,0.5,0.25,problem,false,0.75,25.8833,11.1445,5.98579,4.76664,3.88048,3.29799,2.91356,2.52742,2.37947,2.15085,1.97613,1.86331,1.71171,1.60554,1.51594,1.43312
DlList,16,1,16,100000,0.25,0.5,0.25,problem,false,0.75,15.7582
NonBlockingList,16,1,16,100000,0.25,0.5,0.25,problem,false,0.75,40.6688,24.6866,18.9423,15.9054,13.3224,11.5274,10.3119,9.06642,19.076,16.5718,15.2885,14.4616,15.8068,12.7132,11.6131,9.9171
CoarseGrainListMap,16,1,16,100000,0.25,0.5,0.25,problem,false,0.75,0.00665877,0.00731034,0.00693532,0.00601848,0.00566052,0.0052679,0.00587122,0.00536016,0.00470548,0.00425794,0.003932,0.0036628,0.00345057,0.00326613,0.00323563,0.00313436
LibCuckooHashMap,16,1,16,100000,0.25,0.5,0.25,problem,false,0.75,0.00692597,0.0033956,0.00228894,0.0018151,0.00164683,0.00140115,0.00214756,0.00199037,0.00140139,0.00141689,0.00120797,0.00108002,0.000975388,0.000918688,0.00112043,0.00113398
FineGrainListMap,16,1,16,100000,0.25,0.5,0.25,problem,false,0.75,0.00840361,0.00596229,0.00526436,0.00528305,0.00518551,0.00564688,0.0060451,0.00562744,0.00496363,0.00443984,0.00406282,0.00380512,0.00354577,0.00351507,0.00332468,0.0031513
LockFreeListMap,16,1,16,100000,0.25,0.5,0.25,problem,false,0.75,0.00693035,0.00543815,0.00572568,0.00594891,0.00535139,0.00591453,0.00564547,0.00530487,0.00487088,0.00414852,0.0039942,0.00363401,0.00347059,0.00336271,0.00330411,0.0031631
DlListMap,16,1,16,100000,0.25,0.5,0.25,problem,false,0.75,0.00610643
NonBlockingListMap,16,1,16,100000,0.25,0.5,0.25,problem,false,0.75,0.00704503,0.00674382,0.00553434,0.00532541,0.00540588,0.0052216,0.00568026,0.00543365,0.00488577,0.00436992,0.00403521,0.00384565,0.00358882,0.00338937,0.00331921,0.00304696
TbbHashMap,16,1,16,100000,0.25,0.5,0.25,problem,false,0.75,0.00904852,0.00618694,0.00584549,0.00514565,0.0048882,0.00554903,0.00572174,0.00535206,0.00472089,0.00427815,0.00398867,0.00379203,0.00360214,0.00368179,0.00375172,0.00334597
