list,cores,minThreads,maxThreads,n,inserts,removals,lookups,scalingMode,withAffinity,preload,runtimes...
CoarseGrainList,16,1,16,100000,0.25,0.25,0.5,problem,false,0.75,9.71595,10.9059,15.8924,24.1922,21.8604,24.4722,27.555,27.9001,29.0195,29.6691,30.3103,29.9734,31.6955,32.385,33.3461,31.3637
FineGrainList,16,1,16,100000,0.25,0.25,0.5,problem,false,0.75,59.0947,38.8132,28.0163,22.9367,19.3928,16.9399,15.1884,13.7136,18.5377,16.4828,17.0715,15.9129,16.8485,14.5186,13.4959,12.4648
LockFreeList,16,1,16,100000,0.25,0.25,0.5,problem,false,0.75,26.6425,14.0609,10.4242,8.34558,6.77689,4.14254,3.77648,3.44063,3.211,2.94972,2.64561,2.45498,2.29722,2.16351,2.02808,1.90695
DlList,16,1,16,100000,0.25,0.25,0.5,problem,false,0.75,16.8817
NonBlockingList,16,1,16,100000,0.25,0.25,0.5,problem,false,0.75,47.8048,31.4955,22.8072,18.0071,15.0252,13.0553,11.7072,10.3677,18.6713,18.9196,18.9818,17.0832,17.7968,14.9499,15.0926,12.7386
CoarseGrainListMap,16,1,16,100000,0.25,0.25,0.5,problem,false,0.75,0.0060524,0.010218,0.00731372,0.00494456,0.00410964,0.00380659,0.0034799,0.00334179,0.0029645,0.00285773,0.00260162,0.00231828,0.00215865,0.00195959,0.00184101,0.00176978
LibCuckooHashMap,16,1,16,100000,0.25,0.25,0.5,problem,false,0.75,0.00611897,0.00355882,0.00230083,0.00181754,0.00146489,0.0011422,0.00143487,0.00165673,0.00133471,0.00119417,0.00109697,0.00117647,0.00108949,0.00122952,0.00114907,0.00108658
FineGrainListMap,16,1,16,100000,0.25,0.25,0.5,problem,false,0.75,0.00780844,0.0059547,0.00431421,0.00392908,0.00350308,0.00342046,0.00331426,0.00384136,0.0033003,0.00290409,0.00265734,0.00237649,0.00223621,0.00213159,0.00209547,0.00199507
LockFreeListMap,16,1,16,100000,0.25,0.25,0.5,problem,false,0.75,0.00625219,0.00511354,0.0046284,0.00362857,0.00318669,0.00316226,0.00329393,0.00327452,0.00345314,0.00259719,0.00264384,0.00211556,0.00233062,0.00184226,0.00209819,0.00189772
DlListMap,16,1,16,100000,0.25,0.25,0.5,problem,false,0.75,0.0049725
NonBlockingListMap,16,1,16,100000,0.25,0.25,0.5,problem,false,0.75,0.0061726,0.00494558,0.00428355,0.00367672,0.00346186,0.0033559,0.00335217,0.0032033,0.00310243,0.00256914,0.00257095,0.00224639,0.00234507,0.00198234,0.00184661,0.00175958
TbbHashMap,16,1,16,100000,0.25,0.25,0.5,problem,false,0.75,0.00814199,0.00559114,0.00413158,0.00443898,0.00417183,0.00387517,0.0040098,0.00381266,0.00344538,0.00328594,0.00309991,0.00297094,0.00305988,0.00267752,0.00263126,0.00252967
