list,cores,minThreads,maxThreads,n,inserts,removals,lookups,scalingMode,withAffinity,preload,runtimes...
CoarseGrainList,16,1,16,100000,0.5,0.25,0.25,problem,false,0.5,11.5572,13.2021,14.9031,18.2173,22.5511,21.8078,23.9906,23.6935,23.5215,23.6546,24.8045,25.938,24.4823,25.5261,24.5332,26.4677
FineGrainList,16,1,16,100000,0.5,0.25,0.25,problem,false,0.5,52.1968,32.0812,23.5573,18.3303,14.8818,12.8111,11.2936,10.1464,17.4037,15.8529,16.5467,15.2535,12.8767,13.4662,11.7006,10.1799
LockFreeList,16,1,16,100000,0.5,0.25,0.25,problem,false,0.5,19.5697,10.3764,8.60191,6.65709,4.70963,3.88462,3.5829,3.12362,2.88228,2.57945,2.42962,2.33573,2.12436,1.93171,1.86432,1.76444
DlList,16,1,16,100000,0.5,0.25,0.25,problem,false,0.5,21.1037
NonBlockingList,16,1,16,100000,0.5,0.25,0.25,problem,false,0.5,40.8201,23.6824,17.0278,13.2673,12.1802,10.1744,8.90796,8.14485,23.0801,21.7292,18.6815,16.8921,17.2087,13.8033,13.4219,11.1261
CoarseGrainListMap,16,1,16,100000,0.5,0.25,0.25,problem,false,0.5,0.00705423,0.00554845,0.00611016,0.00674203,0.00600449,0.00575989,0.00554992,0.0055558,0.00503016,0.00455298,0.00436441,0.00395344,0.00368377,0.00346671,0.00328859,0.00321033
LibCuckooHashMap,16,1,16,100000,0.5,0.25,0.25,problem,false,0.5,0.0064075,0.00355452,0.00240456,0.0022549,0.00177863,0.00150412,0.00135364,0.00193148,0.00208086,0.00179016,0.00151107,0.00132686,0.00136015,0.00134767,0.00123061,0.00161059
FineGrainListMap,16,1,16,100000,0.5,0.25,0.25,problem,false,0.5,0.00813873,0.00643283,0.00558292,0.00586702,0.00546367,0.00524902,0.00523021,0.00574421,0.00504971,0.00452563,0.00424803,0.00395418,0.00372742,0.0035446,0.00335297,0.0033462
LockFreeListMap,16,1,16,100000,0.5,0.25,0.25,problem,false,0.5,0.00713126,0.00749685,0.00551158,0.00548647,0.00561102,0.00546264,0.00562812,0.00560633,0.00477744,0.00433829,0.00401107,0.00377384,0.00463855,0.00338077,0.00326035,0.00311704
DlListMap,16,1,16,100000,0.5,0.25,0.25,problem,false,0.5,0.00542021
NonBlockingListMap,16,1,16,100000,0.5,0.25,0.25,problem,false,0.5,0.0063148,0.00552867,0.00470016,0.00476226,0.00487393,0.00493825,0.00469768,0.00465634,0.00434833,0.00403088,0.00380057,0.00361936,0.00341218,0.00326629,0.00316686,0.00306189
TbbHashMap,16,1,16,100000,0.5,0.25,0.25,problem,false,0.5,0.00918375,0.0067376,0.00508593,0.00564976,0.00533915,0.00538755,0.00540783,0.00543328,0.00500216,0.00464868,0.00439161,0.0041312,0.00390043,0.00382683,0.00358193,0.00351044
