list,cores,minThreads,maxThreads,n,inserts,removals,lookups,scalingMode,withAffinity,preload,runtimes...
CoarseGrainList,16,1,16,100000,0.1,0.1,0.8,problem,false,0.9,8.58698,9.89882,13.7776,15.6336,15.8042,11.3906,11.1591,13.4703,10.5886,12.7596,15.416,14.4658,15.4177,17.0483,12.6292,13.5054
FineGrainList,16,1,16,100000,0.1,0.1,0.8,problem,false,0.9,69.2507,48.8993,36.0156,28.0398,23.0396,19.708,17.1724,16.9926,16.655,15.5227,16.8485,15.3248,14.6506,14.657,13.5112,12.5658
LockFreeList,16,1,16,100000,0.1,0.1,0.8,problem,false,0.9,12.2016,10.1057,8.39217,7.11664,6.20159,5.45328,4.91825,4.72999,4.28334,4.0699,3.89816,3.71038,3.4032,2.74469,2.50005,2.40104
DlList,16,1,16,100000,0.1,0.1,0.8,problem,false,0.9,16.4755
NonBlockingList,16,1,16,100000,0.1,0.1,0.8,problem,false,0.9,57.3112,40.8864,30.3449,24.0322,19.9175,17.0011,14.9055,13.2758,18.9428,18.5352,18.4755,15.8014,18.5768,16.5472,15.4514,13.8086
CoarseGrainListMap,16,1,16,100000,0.1,0.1,0.8,problem,false,0.9,0.00535338,0.00581871,0.00537785,0.00411919,0.00355674,0.00322632,0.00308058,0.00291577,0.00268528,0.00232043,0.00228834,0.00216895,0.0020363,0.00200343,0.00187758,0.00175515
LibCuckooHashMap,16,1,16,100000,0.1,0.1,0.8,problem,false,0.9,0.00518055,0.00272618,0.00220271,0.00258674,0.0025751,0.00195336,0.00184015,0.00158284,0.00115808,0.00115988,0.00100998,0.00121774,0.00106179,0.00104643,0.000980422,0.000906368
FineGrainListMap,16,1,16,100000,0.1,0.1,0.8,problem,false,0.9,0.00718607,0.00446611,0.0040943,0.00413115,0.00363316,0.00371282,0.00324168,0.00316428,0.00302384,0.00234382,0.00217656,0.00204535,0.00221776,0.00194108,0.00184644,0.00175903
LockFreeListMap,16,1,16,100000,0.1,0.1,0.8,problem,false,0.9,0.00532334,0.00462836,0.00352884,0.00286728,0.00254629,0.00297921,0.00262564,0.00235642,0.00234977,0.00204375,0.00192806,0.00184858,0.00175351,0.00171914,0.00181297,0.00162114
DlListMap,16,1,16,100000,0.1,0.1,0.8,problem,false,0.9,0.00429164
NonBlockingListMap,16,1,16,100000,0.1,0.1,0.8,problem,false,0.9,0.00582821,0.00370984,0.00267224,0.00292266,0.00284152,0.002905,0.00293459,0.00293557,0.00245083,0.00225941,0.00206394,0.00195977,0.0018507,0.00177763,0.00177057,0.00173136
TbbHashMap,16,1,16,100000,0.1,0.1,0.8,problem,false,0.9,0.00733199,0.00448898,0.00369618,0.00308375,0.0028085,0.00248199,0.00250735,0.00214036,0.00187287,0.00180438,0.00171433,0.00162433,0.00152809,0.00170475,0.00147627,0.00140813
