list,cores,minThreads,maxThreads,n,inserts,removals,lookups,scalingMode,withAffinity,preload,runtimes...
CoarseGrainList,16,1,16,100000,0.8,0.1,0.1,problem,false,0.2,9.58535,10.9556,14.8678,15.6618,14.8459,16.3338,15.1299,13.7507,14.9055,15.7522,13.882,14.1889,14.8659,15.8785,14.0412,16.9672
FineGrainList,16,1,16,100000,0.8,0.1,0.1,problem,false,0.2,44.2628,25.9069,18.2358,13.864,11.2666,9.83937,8.25623,7.2854,17.2427,16.2844,14.5413,13.3656,12.3824,11.0873,9.70366,7.36399
LockFreeList,16,1,16,100000,0.8,0.1,0.1,problem,false,0.2,8.9182,6.13729,5.38915,4.84711,4.2286,3.80641,3.31919,2.94383,3.82222,3.49494,3.17718,2.90027,2.7244,2.51105,2.41263,2.25838
DlList,16,1,16,100000,0.8,0.1,0.1,problem,false,0.2,24.2014
NonBlockingList,16,1,16,100000,0.8,0.1,0.1,problem,false,0.2,33.9663,20.0018,13.5358,10.2585,8.37172,7.1842,6.27664,5.60784,24.5815,21.3488,16.8323,16.0047,15.4883,13.5883,11.945,8.35752
CoarseGrainListMap,16,1,16,100000,0.8,0.1,0.1,problem,false,0.2,0.0064204,0.00710063,0.00604306,0.00534101,0.00571372,0.00558599,0.00555576,0.00551506,0.00472747,0.00430965,0.00404667,0.00370074,0.00339928,0.00341539,0.00317609,0.00282222
LibCuckooHashMap,16,1,16,100000,0.8,0.1,0.1,problem,false,0.2,0.00543108,0.00323499,0.0023052,0.00183191,0.00179959,0.00155348,0.00148645,0.00130324,0.00155445,0.00146386,0.00130925,0.00123853,0.00122972,0.00114407,0.00120266,0.00114417
FineGrainListMap,16,1,16,100000,0.8,0.1,0.1,problem,false,0.2,0.00738087,0.00615896,0.00497093,0.00505561,0.00487641,0.00502583,0.00554112,0.0053441,0.00475537,0.00431173,0.00391999,0.00363176,0.00341516,0.00319826,0.0029849,0.00284695
LockFreeListMap,16,1,16,100000,0.8,0.1,0.1,problem,false,0.2,0.00650125,0.0061563,0.00537165,0.005349,0.00509997,0.00488801,0.00526535,0.00536826,0.00447848,0.00392634,0.00358602,0.00331807,0.00311945,0.00291802,0.00276046,0.00267677
DlListMap,16,1,16,100000,0.8,0.1,0.1,problem,false,0.2,0.0041872
NonBlockingListMap,16,1,16,100000,0.8,0.1,0.1,problem,false,0.2,0.00499596,0.00531443,0.00480135,0.00460599,0.00450682,0.00480701,0.00492258,0.0044208,0.00438083,0.00398641,0.00360066,0.00334813,0.00309811,0.00285168,0.00274557,0.00260585
TbbHashMap,16,1,16,100000,0.8,0.1,0.1,problem,false,0.2,0.0110259,0.00736458,0.00571162,0.00615459,0.00615034,0.00623409,0.00632149,0.00674999,0.00599407,0.0053732,0.00497746,0.0046734,0.00439021,0.00416845,0.00409816,0.00386737
