list,cores,minThreads,maxThreads,n,inserts,removals,lookups,scalingMode,withAffinity,preload,runtimes...
CoarseGrainList,16,1,16,100000,0.1,0.8,0.1,problem,false,0.9,10.3639,11.4172,17.4924,19.1484,24.1999,28.0163,23.378,24.4214,22.6321,24.1026,22.8307,22.6701,23.0793,24.3991,22.4312,23.265
FineGrainList,16,1,16,100000,0.1,0.8,0.1,problem,false,0.9,46.0152,24.6816,17.8323,14.0011,11.7424,10.2235,9.23682,8.40973,11.7826,9.75318,10.1375,9.44898,8.85398,7.89922,7.42712,6.64092
LockFreeList,16,1,16,100000,0.1,0.8,0.1,problem,false,0.9,19.8727,6.3813,4.65929,3.66834,3.01736,2.59073,2.23142,1.96034,1.8365,1.6729,1.53422,1.45244,1.35338,1.25255,1.20757,1.13586
DlList,16,1,16,100000,0.1,0.8,0.1,problem,false,0.9,10.7289
NonBlockingList,16,1,16,100000,0.1,0.8,0.1,problem,false,0.9,34.2597,19.1007,13.6061,10.8887,9.27214,8.32549,7.33059,6.54728,11.9477,14.0921,12.4476,10.4681,9.88127,8.99094,8.29328,7.90178
CoarseGrainListMap,16,1,16,100000,0.1,0.8,0.1,problem,false,0.9,0.00760027,0.00865587,0.00656709,0.00732684,0.00686936,0.0065305,0.0062584,0.00638081,0.00553236,0.0049533,0.00452095,0.00434159,0.00390258,0.00370109,0.00351435,0.00334117
LibCuckooHashMap,16,1,16,100000,0.1,0.8,0.1,problem,false,0.9,0.00731215,0.00353287,0.00232768,0.00195633,0.00264013,0.00232107,0.00203305,0.00150463,0.00179113,0.00136111,0.00114819,0.00102703,0.00110185,0.00111064,0.00100536,0.000986198
FineGrainListMap,16,1,16,100000,0.1,0.8,0.1,problem,false,0.9,0.00884037,0.00608672,0.00559834,0.005228,0.00624275,0.0064677,0.00617444,0.00589694,0.00517692,0.00476694,0.00439509,0.00410161,0.00388078,0.00369529,0.00339186,0.00322793
LockFreeListMap,16,1,16,100000,0.1,0.8,0.1,problem,false,0.9,0.00819601,0.00572562,0.00650556,0.00598194,0.0060386,0.00622684,0.00684643,0.0057137,0.00501164,0.00454045,0.00422984,0.00394949,0.00375603,0.00354728,0.00342507,0.00327981
DlListMap,16,1,16,100000,0.1,0.8,0.1,problem,false,0.9,0.00740192
NonBlockingListMap,16,1,16,100000,0.1,0.8,0.1,problem,false,0.9,0.00847414,0.00580761,0.00551989,0.00556033,0.00576499,0.00574184,0.00573216,0.00608422,0.00538925,0.0048745,0.00442338,0.00410838,0.00381136,0.00356615,0.00337761,0.00333791
TbbHashMap,16,1,16,100000,0.1,0.8,0.1,problem,false,0.9,0.00953726,0.00677688,0.00677586,0.00629792,0.00614634,0.00547387,0.00610233,0.00623051,0.00558801,0.00494641,0.0047492,0.0044686,0.0042239,0.00408102,0.00388618,0.0039852
